1462
7772
1
116
117
118
119
120
121
122
123
124
125
126
127
128
129
130
131
1020
10207
102074
102075
102076
102077
102078
102079
102080
102081
102082
165755
165756
165757
165758
165759
165760
165761
165762
165763
165764
165765
165766
165767
165768
165769
165770
165771
165772
165773
165774
165775
165776
165777
165778
165779
165780
165781
165782
165783
165784
165785
165786
165787
165788
165840
165841
165842
165843
165844
165845
165846
165847
165848
165849
165850
165851
165852
165853
165854
165855
165856
165857
165858
165859
165860
165861
165862
165863
165864
165865
165866
165867
165868
165869
165870
165871
165872
165873
165874
165875
165876
165877
165878
165879
165880
165881
165882
165883
165884
165885
165886
165887
165888
165889
165890
165891
165892
165893
165894
165895
165896
165897
165898
165899
165900
165901
165902
165903
165904
165905
165906
165907
165908
165909
165910
165911
165912
165913
165914
165915
165916
165917
165918
165919
165920
165921
165922
165923
165924
165925
165926
165927
165928
165929
165930
165931
165932
165933
165934
165935
165936
165937
165938
165939
165940
165941
165942
165943
165944
165945
165946
165947
165948
165949
165950
165951
165952
165953
165954
165955
165956
165957
165958
165959
165960
165961
165962
165963
165964
165965
165966
165967
165968
165969
165970
165971
165972
165973
165974
165975
165976
165977
165978
165979
165980
165981
165982
165983
165984
165985
165986
165987
165988
165989
165990
165991
165992
165993
165994
165995
165996
165997
165998
165999
166000
166001
166002
166003
166004
166005
166006
166007
166008
166009
166010
166011
166012
166013
166014
166015
166016
166017
166018
166019
166020
166021
166022
166023
166024
166025
166026
166027
166028
166029
166030
166031
166032
166033
166034
166035
166036
166037
166038
166039
166040
166041
166042
166043
166044
166045
166046
166047
166048
166049
166050
166051
166052
166053
166054
166055
166056
166057
166058
166059
166060
166061
166062
166063
166064
166065
166066
166067
166068
166069
166070
166071
166072
166073
166074
166075
166076
166077
166078
166079
166080
166081
166082
166083
166084
166085
166086
166087
166088
166089
166090
166091
166092
166093
166094
166095
166096
166097
166098
166099
166100
166101
166102
166103
166104
166105
166106
166107
166108
166109
166110
166111
166112
166113
166114
166115
166116
166117
166118
166119
166120
166121
166122
166123
166124
166125
166126
166127
166128
166129
166130
166131
166132
166133
166134
166135
166136
166137
166138
166139
166140
166141
166142
166143
166144
166145
166146
166147
166148
166149
166150
166151
166152
166153
166154
166155
166156
166157
166158
166159
166160
166161
166162
166163
166164
166165
166166
166167
166168
166169
166170
166171
166172
166173
166174
166175
166176
166177
166178
166179
166180
166181
166182
166183
166184
166185
166186
166187
166188
166189
166190
166191
166192
166193
166194
166195
166196
166197
166198
166199
166200
166201
166202
166203
166204
166205
166206
166207
166208
166209
166210
166211
166212
166213
166214
166215
166216
166217
166218
166219
166220
166221
166222
166223
166224
166225
166226
166227
166228
166229
166230
166231
166232
166233
166234
166235
166236
166237
166238
166239
166240
166241
166242
166243
166244
166245
166246
166247
166248
166249
166250
166251
166252
166253
166254
166255
166256
166257
166258
166259
166260
166261
166262
166263
166264
166265
166266
166267
166268
166269
166270
166271
166272
166273
166274
166275
166276
166277
166278
166279
166280
166281
166282
166283
166284
166285
166286
166287
166288
166289
166290
166291
166292
166293
166294
166295
166296
166297
166298
166299
166300
166301
166302
166303
166304
166305
166306
166307
166308
166309
166310
166311
166312
166313
166314
166315
166316
166317
166318
166319
166320
166321
166322
166323
166324
166325
166326
166327
166328
166329
166330
166331
166332
166333
166334
166335
166336
166337
166338
166339
166340
166341
166342
166343
166344
166345
166346
166347
166348
166349
166350
166351
166352
166353
166354
166355
166356
166357
166358
166359
166360
166361
166362
166363
166364
166365
166366
166367
166368
166369
166370
166371
166372
166373
166374
195777
195778
195779
195780
195781
195782
195783
195784
195785
195786
195787
195788
195789
195790
195791
195792
195793
195794
195795
195796
195797
195798
195799
195800
195801
195802
195803
195804
195805
195806
195807
195808
195809
195810
195811
195812
195813
195814
195815
195816
195817
195818
195819
195820
195821
195822
195823
195824
195825
195826
195827
195828
195829
195830
195831
195832
195833
195834
195835
195836
195837
195838
195839
195840
195841
195842
195843
195844
195845
195846
195847
195848
195849
195850
195851
195852
195853
195854
195855
195856
195857
195858
195859
195860
195861
195862
195863
195864
195865
195866
195867
195868
195869
195870
195871
195872
195873
195874
195875
195876
195877
195878
195879
195880
195881
195882
195883
195884
195885
195886
195887
195888
195889
195890
195891
195892
195893
195894
195895
195896
195897
195898
195899
195900
195901
195902
195903
195904
195905
195906
195907
195908
195909
195910
195911
195912
195913
195914
195915
195916
195917
195918
195919
195920
195921
195922
195923
195924
195925
195926
195927
195928
195929
195930
195931
195932
195933
195934
195935
195936
195937
195938
195939
195940
195941
195942
195943
195944
195945
195946
195947
195948
195949
195950
195951
195952
195953
195954
195955
195956
195957
195958
195959
195960
195961
195962
195963
195964
195965
195966
195967
195968
195969
195970
195971
195972
195973
195974
195975
195976
195977
195978
195979
195980
195981
195982
195983
195984
195985
195986
195987
195988
195989
195990
195991
195992
195993
195994
195995
195996
195997
195998
195999
196000
196001
196002
196003
196004
196005
196006
196007
196008
196009
196010
196011
196012
196013
196014
196015
196016
196017
196018
196019
196020
196021
196022
196023
196024
196025
196026
196027
196028
196029
196030
196031
196032
196033
196034
196035
196036
196037
196038
196039
196040
196041
196042
196043
196044
196045
196046
196047
196048
196049
196050
196051
196052
196053
196054
196055
196056
196057
196058
196059
196060
196061
196062
196063
196064
196065
196066
196067
196068
196069
196070
196071
196072
196073
196074
196075
196076
196077
196078
196079
196080
196081
196082
196083
196084
196085
196086
196087
196088
196089
196090
196091
196092
196093
196094
196095
196096
196097
196098
196099
196100
196101
196102
196103
196104
196105
196106
196107
196108
196109
196110
196111
196112
196113
196114
196115
196116
196117
196118
196119
196120
196121
196122
196123
196124
196125
196126
196127
196128
196129
196130
196131
196132
196133
196134
196135
196136
196137
196138
196139
196140
196141
196142
196143
196144
196145
196146
196147
196148
196149
196150
196151
196152
196153
196154
196155
196156
196157
196158
196159
196160
196161
196162
196163
196164
196165
196166
196167
196168
196169
196170
196171
196172
196173
196174
196175
196176
194458
194459
194460
194461
194462
194463
194464
194465
194466
194467
194468
194469
194470
194471
194472
194473
194474
194475
194476
194477
194478
194479
194480
194481
194482
194483
194484
194485
194486
194487
194488
194489
194490
194491
194492
194493
194494
194495
194496
194497
194498
194499
194500
194501
194502
194503
194504
194505
194506
194507
194508
194509
194510
194511
194512
194513
194514
194515
194516
194517
194518
194519
194520
194521
194522
194523
194524
194525
194526
194527
194528
194529
194530
194531
194532
194533
194534
194535
194536
194537
194538
194539
194540
194541
194542
194543
194544
194545
194546
194547
194548
194549
194550
194551
194552
194553
194554
194555
194556
194557
194558
194559
194560
194561
194562
194563
194564
194565
194566
194567
194568
194569
194570
194571
194572
194573
194574
194575
194576
194577
194578
194579
194580
194581
194582
194583
194584
194585
194586
194587
194588
194589
194590
194591
194592
194593
194594
194595
194596
194597
194598
194599
194600
194601
194602
194603
194604
194605
194606
194607
194608
194609
194610
194611
194612
194613
194614
194615
194616
194617
194618
194619
194620
194621
194622
194623
194624
194625
194626
194627
194628
194629
194630
194631
194632
194633
194634
194635
194636
194637
194638
194639
194640
194641
194642
194643
194644
194645
194646
194647
194648
194649
194650
194651
194652
194653
194654
194655
194656
194657
194658
194659
194660
194661
194662
194663
194664
194665
194666
194667
194668
194669
194670
194671
194672
194673
194674
194675
194676
194677
194678
194679
194680
194681
194682
194683
194684
194685
194686
194687
194688
194689
194690
194691
194692
194693
194694
194695
194696
194697
194698
194699
194700
194701
194702
194703
194704
194705
194706
194707
194708
194709
194710
194711
194712
194713
194714
194715
194716
194717
194718
194719
194720
194721
194722
194723
194724
194725
194726
194727
194728
194729
194730
194731
194732
194733
194734
194735
194736
194737
194738
194739
194740
194741
194742
194743
194744
194745
194746
194747
194748
194749
194750
194751
194752
194753
194754
194755
194756
194757
194758
194759
194760
194761
194762
194763
194764
194765
194766
194767
194768
194769
194770
194771
194772
194773
194774
194775
194776
194777
194778
194779
194780
194781
194782
194783
194784
194785
194786
194787
194788
194789
194790
194791
194792
194793
194794
194795
194796
194797
194798
194799
194800
194801
194802
194803
194804
194805
194806
194807
194808
194809
194810
194811
194812
194813
194814
194815
194816
194817
194818
194819
194820
194821
194822
194823
194824
194825
194826
194827
194828
194829
194830
199133
199134
199135
199136
199137
199138
199139
199140
199141
199142
199143
199144
199145
199146
199147
199148
199149
199150
199151
199152
199153
199154
199155
199156
199157
199158
199159
199160
199161
199162
199163
199164
199165
199166
199167
199168
199169
199170
199171
199172
199173
199174
199175
199176
199177
199178
199179
199180
199181
199182
199183
199184
199185
199186
199187
199188
199189
199190
199191
199192
199193
199194
199195
199196
199197
199198
199199
199200
199201
199202
199203
199204
199205
199206
199207
199208
199209
199210
199211
199212
199213
199214
199215
199216
199217
199218
199219
199220
199221
199222
199223
534380
