Case #1: 2
{0, 1000000000, 1000000000, 1000000000, 1000000000, 1000000000}
{0, 1, 2, 3, 4, 5}
{0, 1, 1, 2, 2, 3}
{0, 1, 1, 1, 2, 2}
Case #2: 3
{0, 1000000000, 1000000000, 1000000000, 1000000000, 1000000000, 1000000000, 1000000000, 1000000000, 1000000000, 1000000000, 1000000000}
{0, 1, 2, 3, 4, 5, 6, 7, 8, 9, 10, 11}
{0, 1, 1, 2, 2, 3, 3, 4, 4, 5, 5, 6}
{0, 1, 1, 2, 2, 1, 2, 2, 3, 3, 2, 3}
Case #3: 1
{0, 1000000000, 1000000000, 1000000000, 1000000000, 1000000000}
{0, 1000000000, 1000000000, 1, 1000000000, 1000000000}
{0, 1000000000, 1000000000, 1, 1000000000, 1}
{0, 1000000000, 1, 1, 2, 1}
Case #4: 4
{0, 1000000000, 1000000000, 1000000000, 1000000000, 1000000000, 1000000000, 1000000000, 1000000000, 1000000000, 1000000000, 1000000000, 1000000000, 1000000000, 1000000000, 1000000000, 1000000000, 1000000000, 1000000000, 1000000000, 1000000000, 1000000000, 1000000000, 1000000000, 1000000000, 1000000000, 1000000000, 1000000000, 1000000000, 1000000000, 1000000000, 1000000000, 1000000000}
{0, 1000000000, 1000000000, 1, 1000000000, 1000000000, 2, 1000000000, 1000000000, 3, 1000000000, 1000000000, 4, 1000000000, 1000000000, 5, 1000000000, 1000000000, 6, 1000000000, 1000000000, 7, 1000000000, 1000000000, 8, 1000000000, 1000000000, 9, 1000000000, 1000000000, 10, 1000000000, 1000000000}
{0, 1000000000, 1000000000, 1, 1, 1000000000, 2, 2, 2, 3, 3, 3, 3, 4, 4, 4, 4, 5, 5, 5, 5, 6, 6, 6, 6, 7, 7, 7, 7, 8, 8, 8, 8}
{0, 1000000000, 1000000000, 1, 1, 1, 2, 2, 2, 2, 2, 3, 3, 3, 3, 3, 4, 4, 4, 4, 4, 5, 5, 5, 5, 5, 6, 6, 6, 6, 6, 7, 7}
{0, 1000000000, 1000000000, 1, 1, 1, 2, 2, 1, 2, 2, 2, 2, 2, 3, 3, 2, 3, 3, 3, 3, 3, 4, 4, 3, 4, 4, 4, 4, 4, 5, 5, 4}
